name: trinotate
channels:
  - bioconda
  - defaults
dependencies:
  - _libgcc_mutex=0.1=main
  - blast=2.9.0=pl526h3066fca_4
  - bzip2=1.0.8=h7b6447c_0
  - ca-certificates=2019.11.27=0
  - curl=7.67.0=hbc83047_0
  - entrez-direct=11.0=pl526_1
  - expat=2.2.6=he6710b0_0
  - hmmer=3.2.1=he1b5a44_2
  - krb5=1.16.4=h173b8e3_0
  - libcurl=7.67.0=h20c2e04_0
  - libedit=3.1.20181209=hc058e9b_0
  - libgcc-ng=9.1.0=hdf63c60_0
  - libssh2=1.8.2=h1ba5d50_0
  - libstdcxx-ng=9.1.0=hdf63c60_0
  - ncurses=6.1=he6710b0_1
  - openssl=1.1.1d=h7b6447c_3
  - pcre=8.43=he6710b0_0
  - perl=5.26.2=h14c3975_0
  - perl-app-cpanminus=1.7044=pl526_1
  - perl-archive-tar=2.32=pl526_0
  - perl-base=2.23=pl526_1
  - perl-business-isbn=3.004=pl526_0
  - perl-business-isbn-data=20140910.003=pl526_0
  - perl-carp=1.38=pl526_3
  - perl-common-sense=3.74=pl526_2
  - perl-compress-raw-bzip2=2.087=pl526he1b5a44_0
  - perl-compress-raw-zlib=2.087=pl526hc9558a2_0
  - perl-constant=1.33=pl526_1
  - perl-cpan-meta=2.150010=pl526_0
  - perl-cpan-meta-requirements=2.140=pl526_0
  - perl-cpan-meta-yaml=0.018=pl526_0
  - perl-data-dumper=2.173=pl526_0
  - perl-dbd-sqlite=1.64=pl526h516909a_0
  - perl-dbi=1.642=pl526_0
  - perl-digest-hmac=1.03=pl526_3
  - perl-digest-md5=2.55=pl526_0
  - perl-encode=2.88=pl526_1
  - perl-encode-locale=1.05=pl526_6
  - perl-exporter=5.72=pl526_1
  - perl-exporter-tiny=1.002001=pl526_0
  - perl-extutils-cbuilder=0.280230=pl526_1
  - perl-extutils-makemaker=7.36=pl526_1
  - perl-extutils-manifest=1.72=pl526_0
  - perl-extutils-parsexs=3.35=pl526_0
  - perl-file-find-rule=0.34=pl526_5
  - perl-file-listing=6.04=pl526_1
  - perl-file-path=2.16=pl526_0
  - perl-file-temp=0.2304=pl526_2
  - perl-getopt-long=2.50=pl526_1
  - perl-html-parser=3.72=pl526h6bb024c_5
  - perl-html-tagset=3.20=pl526_3
  - perl-html-tree=5.07=pl526_1
  - perl-http-cookies=6.04=pl526_0
  - perl-http-daemon=6.01=pl526_1
  - perl-http-date=6.02=pl526_3
  - perl-http-message=6.18=pl526_0
  - perl-http-negotiate=6.01=pl526_3
  - perl-io-compress=2.087=pl526he1b5a44_0
  - perl-io-html=1.001=pl526_2
  - perl-io-socket-ssl=2.066=pl526_0
  - perl-io-zlib=1.10=pl526_2
  - perl-ipc-cmd=1.02=pl526_0
  - perl-json=4.02=pl526_0
  - perl-json-pp=4.04=pl526_0
  - perl-json-xs=2.34=pl526h6bb024c_3
  - perl-libwww-perl=6.39=pl526_0
  - perl-list-moreutils=0.428=pl526_1
  - perl-list-moreutils-xs=0.428=pl526_0
  - perl-locale-maketext-simple=0.21=pl526_2
  - perl-lwp-mediatypes=6.04=pl526_0
  - perl-lwp-protocol-https=6.07=pl526_4
  - perl-mime-base64=3.15=pl526_1
  - perl-module-build=0.4224=pl526_3
  - perl-module-corelist=5.20190524=pl526_0
  - perl-module-load=0.32=pl526_1
  - perl-module-load-conditional=0.68=pl526_2
  - perl-module-metadata=1.000036=pl526_0
  - perl-mozilla-ca=20180117=pl526_1
  - perl-net-http=6.19=pl526_0
  - perl-net-ssleay=1.88=pl526h90d6eec_0
  - perl-ntlm=1.09=pl526_4
  - perl-number-compare=0.03=pl526_2
  - perl-params-check=0.38=pl526_1
  - perl-parent=0.236=pl526_1
  - perl-pathtools=3.75=pl526h14c3975_1
  - perl-perl-ostype=1.010=pl526_1
  - perl-scalar-list-utils=1.52=pl526h516909a_0
  - perl-socket=2.027=pl526_1
  - perl-storable=3.15=pl526h14c3975_0
  - perl-test-requiresinternet=0.05=pl526_0
  - perl-text-abbrev=1.02=pl526_0
  - perl-text-glob=0.11=pl526_1
  - perl-text-parsewords=3.30=pl526_0
  - perl-time-local=1.28=pl526_1
  - perl-try-tiny=0.30=pl526_1
  - perl-types-serialiser=1.0=pl526_2
  - perl-uri=1.76=pl526_0
  - perl-version=0.9924=pl526_0
  - perl-www-robotrules=6.02=pl526_3
  - perl-xml-namespacesupport=1.12=pl526_0
  - perl-xml-parser=2.44=pl526h4e0c4b3_7
  - perl-xml-sax=1.02=pl526_0
  - perl-xml-sax-base=1.09=pl526_0
  - perl-xml-sax-expat=0.51=pl526_3
  - perl-xml-simple=2.25=pl526_1
  - perl-xsloader=0.24=pl526_0
  - sqlite=3.30.1=h7b6447c_0
  - tk=8.6.8=hbc83047_0
  - trinotate=3.2.0=pl526_1
  - wget=1.20.1=h20c2e04_0
  - zlib=1.2.11=h7b6447c_3
prefix: /vortexfs1/home/ztobias/.conda/envs/trinotate

